1|1|101|2023|基于深度学习的图像识别研究|national|1|0|1|30|优秀的研究成果
2|1|101|2024|人工智能在医疗领域的应用|provincial|1|0|1|20|研究方向明确
3|2|102|2023|智能交通系统开发|national|1|0|1|50|项目完成度高
4|2|201|2024|5G通信技术研究|provincial|2|0|1|20|无
5|3|301|2024|先进制造装备研发|school|1|50000|2|0|项目方案不够详细，请补充后重新申报
6|1|103|2024|机器学习算法优化|national|2|0|2|0|论文创新性不足，请修改后重新提交
7|2|202|2023|物联网平台建设|provincial|1|0|1|35|项目实施效果良好
8|1|401|2024|经济数据分析模型|school|1|0|0|0|
9|3|101|2023|科研经费申报|national|1|80000|1|8|经费使用合理
10|1|102|2024|计算机视觉技术研究|provincial|3|0|0|0|
11|1|101|2024|基于深度学习的图像识别研究|national|1|0|0|0|
12|2|101|2024|人工智能教学平台建设|provincial|1|0|0|0|
13|3|101|2024|||0|80000|0|0|
14|1|102|2024|云计算安全技术研究|provincial|2|0|0|0|
15|2|102|2024|智慧校园数据平台|school|1|0|0|0|
